          0
1.82441e-11
3.18605e-08
5.38785e-06
0.000105802
0.000720092
 0.00270089
 0.00702196
  0.0143545
  0.0248668
  0.0382721
  0.0540003
  0.0713796
  0.0897705
   0.108642
   0.127595
   0.146359
   0.164762
   0.182708
   0.200142
   0.217036
   0.233368
   0.249115
   0.264251
   0.278744
   0.292556
   0.305649
   0.317984
   0.329526
   0.340245
   0.350119
   0.359132
   0.367277
   0.374556
   0.380977
   0.386556
   0.391316
   0.395284
   0.398493
   0.400977
   0.402774
   0.403924
   0.404467
   0.404444
   0.403896
   0.402863
   0.401384
   0.399496
   0.397235
   0.394636
   0.391731
   0.388553
   0.385128
   0.381486
   0.377651
   0.373647
   0.369496
   0.365218
   0.360832
   0.356355
   0.351804
   0.347192
   0.342534
   0.337841
   0.333124
   0.328394
    0.32366
   0.318929
    0.31421
    0.30951
   0.304834
   0.300187
   0.295575
   0.291002
   0.286472
   0.281988
   0.277554
    0.27317
   0.268841
   0.264568
   0.260352
   0.256195
   0.252097
   0.248061
   0.244086
   0.240173
   0.236322
   0.232534
   0.228808
   0.225145
   0.221544
   0.218005
   0.214528
   0.211112
   0.207757
   0.204462
   0.201227
   0.198051
   0.194933
   0.191872
   0.188868
    0.18592
   0.183027
   0.180188
   0.177403
    0.17467
   0.171989
   0.169358
   0.166778
   0.164246
   0.161763
   0.159326
   0.156937
   0.154592
   0.152292
   0.150036
   0.147823
   0.145651
   0.143521
   0.141431
   0.139381
    0.13737
   0.135396
    0.13346
    0.13156
   0.129695
   0.127866
   0.126071
   0.124309
    0.12258
   0.120883
   0.119218
   0.117583
   0.115978
   0.114403
   0.112856
   0.111338
   0.109847
   0.108384
   0.106947
   0.105536
    0.10415
   0.102789
   0.101452
   0.100139
   0.098849
   0.097582
  0.0963374
  0.0951145
  0.0939131
  0.0927325
  0.0915725
  0.0904324
  0.0893121
  0.0882109
  0.0871286
  0.0860647
  0.0850189
  0.0839907
  0.0829799
   0.081986
  0.0810087
  0.0800477
  0.0791026
  0.0781731
   0.077259
  0.0763598
  0.0754753
  0.0746052
  0.0737492
   0.072907
  0.0720783
  0.0712629
  0.0704605
  0.0696708
  0.0688937
  0.0681287
  0.0673758
  0.0666347
  0.0659051
  0.0651868
  0.0644796
  0.0637833
  0.0630977
  0.0624225
  0.0617576
  0.0611028
  0.0604578
  0.0598226
  0.0591968
  0.0585804
  0.0579731
  0.0573748
  0.0567853
  0.0562045
  0.0556322
  0.0550681
  0.0545123
  0.0539645
  0.0534246
  0.0528924
  0.0523678
  0.0518507
  0.0513408
  0.0508382
  0.0503427
   0.049854
  0.0493722
  0.0488971
  0.0484286
  0.0479665
  0.0475108
  0.0470613
  0.0466179
  0.0461805
  0.0457491
  0.0453234
  0.0449035
  0.0444892
  0.0440804
   0.043677
   0.043279
  0.0428862
  0.0424985
  0.0421159
  0.0417383
  0.0413656
  0.0409977
  0.0406345
   0.040276
  0.0399221
  0.0395727
  0.0392277
  0.0388871
  0.0385508
  0.0382186
  0.0378907
  0.0375668
  0.0372469
   0.036931
   0.036619
  0.0363108
  0.0360064
  0.0357057
  0.0354086
  0.0351151
  0.0348252
  0.0345388
  0.0342557
  0.0339761
